WAR	BB/9	K/9	hr/9	fip	whip	bipa	피안타율
10.27	1.43	11.68	0.14	0.54	0.69	0.194	0.12
6.42	2.59	8.96	0.43	1.07	2.13	0.317	0.244
5.91	2.29	7.16	0.24	1.11	3.21	0.282	0.226
5.72	2.67	8.58	0.46	1.18	3.12	0.289	0.225
5.46	3.03	5.19	0.49	1.01	3.08	0.282	0.251
5.03	3.71	4.89	0.51	1.2	3.58	0.272	0.243
4.66	3.28	5.84	0.44	1.05	3.28	0.306	0.262
4.41	3.71	5.47	0.28	1.26	3.61	0.223	0.192
4.17	2.36	4.53	0.28	1.13	3.22	0.233	0.209
3.9	2.63	4.35	0.35	1.34	3.9	0.267	0.241
3.9	2.63	4.35	0.35	1.34	3.9	0.267	0.241
3.9	2.63	4.35	0.35	1.34	3.9	0.267	0.241
3.88	4.73	3.83	0.23	1.07	3.06	0.296	0.272
3.86	2.84	5.45	0.36	1.21	2.0	0.322	0.282
3.31	3.59	3.2	0.33	1.2	3.2	0.242	0.228
3.28	3.35	4.0	0.51	1.18	3.59	0.291	0.269
3.27	2.66	5.79	0.51	1.12	2.53	0.258	0.225
3.06	2.05	6.04	0.65	1.25	3.6	0.273	0.241
3.04	2.75	6.97	0.64	1.23	3.45	0.253	0.212
2.96	2.29	4.27	0.76	1.35	3.0	0.269	0.252
2.61	2.49	3.12	0.69	1.32	3.41	0.284	0.275
2.59	3.26	4.21	0.57	1.37	5.04	0.329	0.302
2.59	3.26	4.21	0.57	1.37	5.04	0.329	0.302
2.59	3.26	4.21	0.57	1.37	5.04	0.329	0.302
2.58	3.74	3.41	0.52	1.23	4.13	0.265	0.251
2.53	1.76	5.8	0.78	1.36	3.2	0.303	0.271
2.52	4.3	2.51	0.24	1.24	2.73	0.275	0.262
2.05	1.83	3.01	0.66	1.43	3.5	0.324	0.309
2.02	3.93	2.5	0.36	1.25	4.37	0.309	0.296
1.99	3.62	10.41	0.98	1.43	4.78	0.282	0.216
1.9	2.91	4.87	0.5	1.27	4.26	0.262	0.236
1.86	2.49	5.68	0.85	1.27	4.09	0.286	0.259
1.84	3.55	6.76	0.76	1.32	3.33	0.279	0.238
1.83	4.53	3.17	0.18	1.41	3.5	0.273	0.253
1.83	4.53	3.17	0.18	1.41	3.5	0.273	0.253
1.83	4.53	3.17	0.18	1.41	3.5	0.273	0.253
1.82	4.63	2.72	0.4	1.38	3.14	0.296	0.284
1.71	4.93	5.21	0.37	1.45	3.7	0.324	0.285
1.66	3.39	2.06	0.5	1.58	3.71	0.275	0.273
1.43	2.32	3.53	0.77	1.36	4.83	0.276	0.268
1.3	4.25	6.86	0.6	1.38	3.74	0.283	0.238
1.27	3.72	2.79	0.78	1.27	3.8	0.246	0.245
1.17	2.61	4.96	0.78	1.14	3.33	0.339	0.31
1.16	3.92	2.06	0.41	1.38	4.12	0.299	0.291
1.08	3.91	6.22	0.9	1.31	4.85	0.259	0.233
1.02	2.92	6.2	0.91	1.57	4.24	0.299	0.268
1.02	2.92	6.2	0.91	1.57	4.24	0.299	0.268
1.02	2.92	6.2	0.91	1.57	4.24	0.299	0.268
1.0	4.37	4.18	0.62	1.52	4.02	0.22	0.207
0.82	4.02	4.37	0.69	1.38	4.3	0.319	0.301
0.76	3.34	2.87	0.99	1.28	2.96	0.309	0.307
0.73	2.39	5.99	0.93	1.49	3.53	0.299	0.266
0.68	3.66	2.77	0.65	1.53	3.13	0.267	0.263
0.59	5.05	4.83	0.66	1.42	4.75	0.238	0.219
0.58	2.98	5.12	1.12	1.58	3.7	0.258	0.245
0.56	2.03	5.4	1.49	1.29	3.97	0.27	0.262
0.55	3.41	4.04	0.76	1.34	4.35	0.288	0.273
0.53	4.14	4.72	1.09	1.58	6.05	0.269	0.255
0.53	4.14	4.72	1.09	1.58	6.05	0.269	0.255
0.53	4.14	4.72	1.09	1.58	6.05	0.269	0.255
0.49	4.72	4.43	1.03	1.53	5.3	0.305	0.292
0.4	3.53	4.19	1.15	1.22	4.63	0.273	0.268
0.22	3.65	4.17	1.48	1.55	4.84	0.298	0.298
0.21	3.86	4.38	1.25	1.66	4.81	0.25	0.249
0.2	5.43	5.28	1.09	1.6	3.38	0.335	0.311
0.12	4.36	4.07	0.73	1.72	5.28	0.248	0.236
0.07	3.35	2.87	1.43	1.83	5.02	0.25	0.265
0.0	4.37	4.47	1.22	1.7	5.19	0.329	0.315
-0.03	3.72	4.03	1.55	1.3	5.08	0.333	0.33
-0.12	4.45	3.64	1.21	1.63	4.04	0.272	0.269
-0.12	4.45	3.64	1.21	1.63	4.04	0.272	0.269
-0.12	4.45	3.64	1.21	1.63	4.04	0.272	0.269
-0.15	4.81	6.64	1.83	1.83	5.52	0.355	0.327
-0.22	3.54	1.29	1.61	1.6	4.2	0.232	0.265
-0.29	4.38	2.55	1.1	1.36	5.9	0.286	0.29
5.84	2.39	8.67	0.58	1.11	3.14	0.314	0.248
5.77	2.03	5.61	0.48	1.42	4.13	0.274	0.24
5.66	3.57	4.57	0.11	1.25	3.94	0.284	0.25
4.04	2.84	6.75	0.71	1.17	4.12	0.24	0.208
3.94	2.45	4.38	0.31	1.32	4.1	0.345	0.312
3.92	3.9	6.87	0.21	1.2	3.84	0.284	0.232
3.8	2.9	6.97	0.58	1.19	2.98	0.265	0.22
3.73	3.13	6.49	0.58	1.32	3.71	0.274	0.235
3.67	4.65	4.07	0.0	1.31	4.55	0.28	0.248
3.66	3.26	7.42	0.59	1.22	3.83	0.28	0.233
3.66	3.26	7.42	0.59	1.22	3.83	0.28	0.233
3.66	3.26	7.42	0.59	1.22	3.83	0.28	0.233
3.58	3.7	8.24	0.71	1.28	3.25	0.278	0.223
2.67	1.9	6.9	0.71	1.47	4.43	0.295	0.251
2.48	2.31	8.37	1.16	1.42	4.22	0.299	0.251
2.22	2.94	9.04	1.06	1.37	4.16	0.372	0.304
2.18	5.05	9.59	0.88	1.07	4.3	0.265	0.209
2.13	4.17	6.78	0.64	1.33	4.13	0.274	0.235
2.05	3.46	7.39	0.69	1.71	5.13	0.357	0.302
2.05	3.06	7.52	1.14	1.21	3.31	0.331	0.284
2.03	3.38	4.3	0.31	1.2	3.35	0.398	0.359
1.86	2.38	3.77	0.55	1.33	3.2	0.273	0.257
1.86	2.38	3.77	0.55	1.33	3.2	0.273	0.257
1.86	2.38	3.77	0.55	1.33	3.2	0.273	0.257
1.79	3.01	6.19	0.88	1.16	3.47	0.263	0.235
1.77	2.14	3.48	0.8	1.53	4.12	0.322	0.309
1.64	2.87	6.65	0.91	1.58	3.61	0.287	0.25
1.6	3.02	5.84	0.81	1.44	3.25	0.256	0.234
1.52	5.01	8.76	0.72	1.22	3.48	0.289	0.23
1.5	3.97	4.43	0.36	1.44	4.36	0.323	0.291
1.43	3.97	6.35	0.79	1.45	4.99	0.356	0.313
1.41	2.46	4.7	0.78	1.58	4.05	0.291	0.269
1.28	2.51	5.82	0.8	1.21	3.98	0.265	0.237
1.18	2.58	6.15	1.07	1.62	4.14	0.339	0.306
1.18	2.58	6.15	1.07	1.62	4.14	0.339	0.306
1.18	2.58	6.15	1.07	1.62	4.14	0.339	0.306
1.13	2.54	7.57	1.24	1.45	5.0	0.307	0.27
1.12	5.16	8.28	0.69	1.33	3.7	0.289	0.233
1.08	2.83	4.72	0.94	1.12	4.46	0.346	0.32
1.05	3.14	6.37	0.81	1.58	5.27	0.312	0.271
1.04	2.96	6.58	1.08	1.37	4.0	0.346	0.306
0.98	2.1	4.28	0.84	1.1	3.3	0.324	0.303
0.91	2.19	6.57	1.22	1.45	3.75	0.312	0.279
0.83	3.56	7.64	1.05	1.11	3.23	0.22	0.195
0.83	3.27	4.77	1.15	1.2	3.46	0.3	0.283
0.82	1.02	2.8	1.02	1.14	4.92	0.305	0.307
0.82	1.02	2.8	1.02	1.14	4.92	0.305	0.307
0.82	1.02	2.8	1.02	1.14	4.92	0.305	0.307
0.81	3.26	4.44	0.89	1.72	4.49	0.31	0.291
0.8	1.31	3.94	1.31	1.47	4.76	0.258	0.256
0.74	5.48	10.76	1.37	1.3	4.22	0.361	0.283
0.68	3.11	5.15	0.97	1.64	5.41	0.272	0.254
0.59	4.26	4.26	0.85	1.57	4.21	0.357	0.339
0.55	3.38	5.28	1.17	1.5	5.03	0.307	0.288
0.53	2.25	4.5	1.25	1.42	3.31	0.25	0.246
0.53	4.85	6.27	1.21	1.46	3.89	0.267	0.247
0.43	3.42	6.19	1.53	1.94	3.83	0.303	0.282
0.36	3.71	4.6	1.19	1.62	3.75	0.299	0.288
0.36	3.71	4.6	1.19	1.62	3.75	0.299	0.288
0.36	3.71	4.6	1.19	1.62	3.75	0.299	0.288
0.26	3.95	3.79	0.95	1.77	4.07	0.388	0.375
0.25	6.08	5.45	0.7	1.33	4.37	0.305	0.273
0.16	3.98	6.4	1.56	1.54	5.94	0.319	0.291
0.12	6.96	4.3	0.61	1.4	5.54	0.261	0.247
0.01	4.17	5.07	1.27	1.44	5.83	0.333	0.315
-0.0	2.15	3.38	1.53	1.68	6.25	0.299	0.309
-0.07	5.14	7.16	1.65	1.74	6.28	0.34	0.302
-0.09	2.62	5.71	2.16	1.86	4.63	0.287	0.288
-0.12	3.73	5.27	1.76	1.76	5.77	0.292	0.288
-0.13	3.97	3.97	1.59	2.04	5.11	0.301	0.301
-0.13	3.97	3.97	1.59	2.04	5.11	0.301	0.301
-0.13	3.97	3.97	1.59	2.04	5.11	0.301	0.301
-0.15	4.21	8.07	2.1	1.71	6.02	0.338	0.301
-0.27	5.91	8.74	2.06	1.71	5.41	0.313	0.277
6.09	2.1	13.1	0.16	1.14	3.33	0.286	0.172
5.29	3.23	10.27	0.23	1.19	3.8	0.278	0.194
5.28	2.68	8.4	0.36	1.29	3.96	0.356	0.272
4.95	1.38	8.82	0.28	1.18	3.73	0.4	0.307
4.78	2.46	8.69	0.19	1.18	4.24	0.246	0.185
4.71	3.6	11.57	0.39	1.32	4.14	0.304	0.207
4.23	3.38	11.37	0.71	1.21	3.5	0.269	0.188
4.13	2.91	5.47	0.17	1.45	5.27	0.307	0.263
4.11	3.16	6.03	0.43	1.03	2.45	0.325	0.279
3.9	3.25	8.48	0.42	1.32	4.14	0.264	0.205
3.9	3.25	8.48	0.42	1.32	4.14	0.264	0.205
3.9	3.25	8.48	0.42	1.32	4.14	0.264	0.205
3.83	2.38	7.14	0.24	1.19	3.93	0.286	0.229
3.69	3.08	7.22	0.39	1.31	3.44	0.277	0.225
3.62	2.74	4.87	0.31	0.83	1.07	0.304	0.268
3.5	1.97	5.44	0.52	1.32	3.46	0.319	0.282
3.29	1.67	8.2	0.74	1.43	4.41	0.327	0.266
3.24	3.49	9.26	0.57	1.14	2.63	0.378	0.292
3.1	3.4	6.74	0.37	1.48	4.97	0.345	0.287
3.06	2.95	10.13	0.98	1.29	4.65	0.319	0.246
2.89	3.66	9.84	0.58	1.47	4.54	0.394	0.297
2.84	1.0	7.02	0.77	1.08	3.33	0.333	0.282
2.84	1.0	7.02	0.77	1.08	3.33	0.333	0.282
2.84	1.0	7.02	0.77	1.08	3.33	0.333	0.282
2.57	3.13	6.63	0.5	1.48	4.99	0.313	0.262
2.53	4.53	6.42	0.19	1.48	3.69	0.248	0.203
2.34	2.32	7.55	0.29	1.65	4.75	0.354	0.286
2.34	3.91	8.35	0.49	1.29	2.53	0.273	0.215
2.33	2.36	4.11	0.44	0.92	2.57	0.336	0.311
2.16	2.7	5.4	0.62	1.08	3.3	0.343	0.306
2.15	2.7	10.8	0.96	1.54	5.08	0.339	0.259
2.1	2.52	6.41	0.61	1.03	2.88	0.285	0.246
2.0	3.51	7.69	0.67	1.55	3.59	0.302	0.247
1.96	4.44	10.17	0.56	1.32	3.77	0.303	0.223
1.96	4.44	10.17	0.56	1.32	3.77	0.303	0.223
1.96	4.44	10.17	0.56	1.32	3.77	0.303	0.223
1.94	4.14	5.88	0.54	1.42	4.64	0.31	0.27
1.88	3.48	6.56	0.66	1.49	4.08	0.302	0.257
1.84	3.67	5.15	0.41	1.34	4.76	0.279	0.247
1.78	3.76	7.79	0.42	1.4	4.4	0.337	0.272
1.69	3.9	5.93	0.62	1.39	5.06	0.306	0.268
1.64	3.49	5.59	0.7	1.22	3.73	0.212	0.193
1.61	3.46	5.02	0.69	1.42	3.3	0.361	0.327
1.58	2.7	8.0	0.85	1.57	4.98	0.288	0.239
1.53	4.36	9.76	1.04	1.35	3.88	0.3	0.232
1.52	3.96	10.16	1.24	1.29	3.1	0.316	0.248
1.52	3.96	10.16	1.24	1.29	3.1	0.316	0.248
1.52	3.96	10.16	1.24	1.29	3.1	0.316	0.248
1.48	2.57	7.23	0.96	1.06	4.19	0.329	0.28
1.37	4.02	6.47	0.45	1.59	3.73	0.369	0.309
1.36	6.58	7.0	0.42	1.42	5.05	0.253	0.213
1.32	3.6	8.1	1.13	1.5	3.84	0.217	0.191
1.3	2.92	7.02	0.88	1.2	3.78	0.352	0.302
1.27	3.51	4.93	0.79	1.46	4.17	0.288	0.265
1.18	3.3	7.08	0.66	1.5	3.86	0.328	0.277
1.12	3.61	6.79	0.69	1.05	4.37	0.33	0.281
1.12	3.59	4.68	0.78	1.48	4.34	0.27	0.25
1.09	4.61	7.47	0.95	1.59	4.55	0.335	0.284
1.09	4.61	7.47	0.95	1.59	4.55	0.335	0.284
1.09	4.61	7.47	0.95	1.59	4.55	0.335	0.284
1.06	4.83	8.56	1.1	1.49	4.15	0.283	0.233
1.03	3.12	4.45	0.74	1.3	4.01	0.354	0.326
1.02	4.03	7.09	0.89	1.29	4.27	0.304	0.261
1.0	4.01	5.61	0.67	1.35	2.55	0.307	0.271
0.98	3.21	6.05	1.07	1.58	5.08	0.276	0.251
0.88	6.28	8.15	0.47	1.42	3.79	0.361	0.285
0.87	2.52	3.96	0.36	1.52	4.4	0.282	0.26
0.87	3.08	5.47	0.68	1.17	5.12	0.362	0.33
0.86	4.55	7.3	0.96	1.32	4.54	0.3	0.254
0.84	5.66	7.92	0.58	1.61	4.34	0.333	0.27
0.84	5.66	7.92	0.58	1.61	4.34	0.333	0.27
0.84	5.66	7.92	0.58	1.61	4.34	0.333	0.27
0.81	2.46	6.08	1.23	1.64	4.98	0.304	0.277
0.79	4.09	6.93	1.07	1.39	4.56	0.342	0.299
0.79	5.74	5.74	0.72	1.66	4.79	0.382	0.344
0.77	6.17	9.0	0.83	1.64	5.63	0.342	0.273
0.73	4.8	7.45	0.99	1.74	4.94	0.355	0.3
0.71	3.1	6.95	1.17	1.44	4.65	0.338	0.294
0.7	6.1	9.58	0.87	1.28	4.7	0.314	0.245
0.68	4.61	7.68	0.81	1.4	4.28	0.323	0.271
0.62	3.45	4.27	0.99	1.44	4.71	0.337	0.316
0.59	3.2	6.48	0.99	1.31	5.38	0.328	0.288
0.59	3.2	6.48	0.99	1.31	5.38	0.328	0.288
0.59	3.2	6.48	0.99	1.31	5.38	0.328	0.288
0.5	2.0	6.1	1.3	1.34	4.31	0.33	0.299
0.48	3.88	9.13	1.38	1.58	5.39	0.301	0.251
0.39	4.05	4.87	0.81	1.8	6.0	0.324	0.296
0.37	3.32	5.9	0.74	1.61	5.73	0.334	0.298
0.37	2.46	9.55	1.91	2.04	4.86	0.274	0.241
0.36	6.33	4.13	0.52	1.65	4.62	0.311	0.286
0.34	2.81	4.94	1.07	1.63	4.97	0.312	0.294
0.29	2.44	6.7	1.83	1.84	6.1	0.285	0.272
0.28	3.28	6.46	1.45	1.63	5.79	0.338	0.305
0.25	3.28	6.15	1.4	1.71	4.7	0.341	0.311
0.25	3.28	6.15	1.4	1.71	4.7	0.341	0.311
0.25	3.28	6.15	1.4	1.71	4.7	0.341	0.311
0.23	3.5	3.0	1.0	1.65	4.23	0.318	0.319
0.22	5.06	4.78	0.84	1.77	4.95	0.298	0.276
0.22	3.21	4.89	1.35	1.78	5.22	0.335	0.319
0.19	4.92	6.86	1.26	2.0	5.98	0.389	0.344
0.05	4.37	4.71	1.15	1.76	4.69	0.346	0.323
-0.11	5.66	6.07	1.15	2.05	6.68	0.365	0.333
-0.15	3.69	6.41	1.55	1.66	6.73	0.374	0.34
-0.31	4.33	7.34	1.7	1.61	5.94	0.353	0.315
-0.56	3.44	3.06	1.27	1.64	7.29	0.387	0.379
-0.85	7.24	5.27	0.99	1.97	6.08	0.337	0.309
-0.85	7.24	5.27	0.99	1.97	6.08	0.337	0.309
-0.85	7.24	5.27	0.99	1.97	6.08	0.337	0.309
-0.87	4.07	5.06	2.22	1.82	6.11	0.3	0.303
-0.99	5.28	7.18	2.39	2.07	6.14	0.278	0.271
