19세	7.78	4.10	4.02	3.52	3.24	3.04	2.67	2.24	2.10	1.84	1.49	1.30	1.21	1.17	1.11	0.80	0.74	0.50	0.38	0.35	-0.43	-0.51	1.56	1.54	0.99	0.73	0.72	0.69	0.62	0.54	0.48	0.23	-0.32	-0.70	-1.07	
20세	6.81	5.45	5.43	4.68	4.20	3.91	3.62	3.58	3.33	3.12	2.81	2.64	2.63	2.60	2.10	1.55	1.36	1.33	1.30	1.28	0.98	0.80	0.77	0.65	0.37	0.09	0.08	0.06	-0.96	3.15	2.21	1.98	1.77	1.60	1.56	1.35	1.16	0.79	0.61	0.57	0.57	0.50	0.49	0.49	0.45	0.32	0.29	0.23	-0.01	-0.13	
21세	5.00	4.63	4.25	4.09	3.19	2.88	2.70	2.25	2.14	2.06	1.99	1.91	1.73	1.66	1.63	1.54	1.43	1.42	1.33	1.29	1.23	1.23	1.16	1.03	1.00	0.98	0.96	0.74	0.64	0.54	0.44	0.23	4.92	4.62	3.90	3.36	3.00	2.67	2.34	2.13	1.84	1.34	1.24	1.04	0.95	0.93	0.59	0.47	0.07	0.03	-0.05	
22세	5.29	3.38	3.28	3.23	2.91	2.71	2.09	1.88	1.82	1.81	1.59	1.52	1.42	1.37	1.33	1.27	1.21	1.19	1.02	1.00	0.99	0.98	0.97	0.62	0.57	0.41	0.40	0.20	0.16	0.01	-0.01	-0.26	7.12	6.39	3.83	3.11	3.02	2.58	2.35	2.29	2.00	1.97	1.81	1.56	1.30	1.17	0.99	0.86	0.84	0.77	0.76	0.74	0.57	0.54	0.53	0.38	0.31	-0.47	
23세	6.54	6.09	4.79	4.14	2.95	2.94	2.86	2.77	2.60	2.54	2.46	2.38	2.35	2.14	2.13	1.93	1.91	1.91	1.76	1.62	1.61	1.47	1.46	1.42	1.26	1.22	1.21	1.08	1.04	0.98	0.91	0.86	0.84	0.72	0.68	0.64	0.51	0.44	0.17	-0.19	-0.42	9.20	4.83	4.44	4.07	3.85	2.79	2.53	2.17	2.00	1.85	1.77	1.74	1.46	1.31	1.30	1.28	1.14	1.07	1.03	0.87	0.86	0.86	0.77	0.76	0.65	0.61	0.50	0.42	0.29	0.25	0.17	-0.04	-0.12	-0.12	-0.14	-0.68	-0.96	
24세	5.97	5.75	5.36	5.00	4.24	3.88	3.22	3.14	2.84	2.79	2.72	2.62	2.46	2.43	2.34	2.20	2.19	2.12	2.03	1.83	1.82	1.66	1.62	1.62	1.58	1.57	1.53	1.45	1.42	1.31	1.21	1.19	1.03	1.00	0.91	0.89	0.83	0.78	0.74	0.67	0.49	0.45	0.30	-0.04	-0.10	4.59	3.80	3.48	3.41	2.98	2.73	2.36	2.20	2.05	1.88	1.52	1.46	1.37	1.32	1.31	1.22	1.17	1.13	1.10	1.03	0.97	0.70	0.60	0.54	0.38	0.29	0.15	0.12	0.06	-0.01	-0.08	-0.20	-0.49	
25세	5.57	5.23	5.04	4.23	4.16	4.12	3.93	3.87	3.19	3.19	3.08	2.79	2.57	2.44	2.44	2.37	2.34	2.07	1.96	1.91	1.88	1.88	1.71	1.70	1.61	1.60	1.47	1.23	1.13	1.11	1.01	0.95	0.88	0.82	0.82	0.80	0.63	0.35	0.31	0.28	0.18	0.12	6.62	6.54	4.68	4.17	3.24	2.99	2.74	2.68	2.66	2.36	2.35	2.30	2.06	1.88	1.70	1.43	1.30	1.20	1.09	1.08	0.95	0.95	0.80	0.69	0.65	0.50	0.47	0.38	0.13	-0.06	-0.10	-0.43	-0.56	
26세	5.66	4.52	4.36	3.98	3.77	3.63	3.61	3.54	3.18	2.78	2.69	2.66	2.46	2.39	2.29	2.09	2.01	1.99	1.90	1.79	1.76	1.57	1.40	1.34	1.30	1.26	1.17	1.17	1.10	1.10	1.05	0.95	0.94	0.91	0.87	0.73	0.59	0.50	0.42	0.15	-0.12	-0.12	5.23	5.20	4.99	4.11	4.04	3.95	3.58	3.00	2.69	2.57	2.51	2.41	2.38	2.26	2.23	2.21	2.09	1.91	1.85	1.81	1.41	1.28	1.22	1.19	1.08	1.08	1.02	0.98	0.96	0.81	0.80	0.70	0.47	0.39	0.33	0.16	0.13	-0.37	-0.42	-1.30	
27세	6.53	6.48	4.71	4.25	3.67	3.57	3.43	3.34	2.96	2.70	2.13	1.94	1.92	1.91	1.78	1.75	1.71	1.58	1.36	1.34	1.26	1.17	1.11	1.06	1.00	0.95	0.91	0.89	0.80	0.77	0.75	0.73	0.61	0.55	0.44	0.35	-0.06	-0.96	8.14	5.08	4.40	4.40	3.96	3.87	3.51	3.41	3.30	3.04	3.02	2.21	2.19	1.99	1.93	1.92	1.78	1.59	1.54	1.35	1.34	1.34	1.26	1.23	1.21	1.17	1.00	0.99	0.98	0.91	0.85	0.76	0.73	0.71	0.61	0.49	0.46	0.30	-0.03	-0.07	
28세	5.01	4.70	4.17	4.05	4.02	3.78	3.62	3.61	3.54	3.34	3.33	3.29	3.12	2.98	2.89	2.87	2.82	2.43	2.31	2.12	2.06	2.03	2.00	1.97	1.88	1.83	1.62	1.52	1.46	1.46	1.27	1.25	1.24	1.14	0.96	0.82	0.73	0.53	0.38	0.33	0.32	0.29	0.20	0.08	0.03	-0.09	-0.23	-0.61	6.48	5.95	5.88	5.69	4.58	4.14	4.11	3.87	3.69	3.66	3.52	3.30	3.28	3.24	3.06	3.01	2.94	2.82	2.42	2.40	2.24	2.17	2.09	2.08	2.00	1.98	1.92	1.88	1.87	1.74	1.73	1.62	1.62	1.60	1.56	1.55	1.42	1.11	1.10	1.07	1.06	1.05	0.99	0.83	0.74	0.55	0.36	0.25	0.19	0.16	-0.33	-0.37	-0.52	-1.05	
29세	4.67	4.56	4.21	3.82	3.74	3.73	3.53	3.46	3.46	3.38	3.35	3.35	3.33	3.17	3.10	2.94	2.93	2.63	2.54	2.45	2.39	2.31	1.96	1.95	1.94	1.89	1.79	1.78	1.59	1.53	1.48	1.39	1.23	1.22	1.21	1.19	1.18	1.14	1.03	1.02	1.00	0.94	0.94	0.93	0.89	0.62	0.62	0.60	0.56	0.48	0.44	0.33	0.19	0.16	0.14	0.09	-0.13	6.64	6.00	5.32	5.08	4.80	4.47	4.40	4.32	3.96	3.87	3.79	3.77	3.55	3.53	3.32	3.21	3.18	3.03	2.99	2.80	2.79	2.71	2.69	2.56	2.53	2.49	2.41	2.31	2.17	2.16	2.15	2.10	2.01	1.99	1.80	1.76	1.75	1.50	1.36	1.29	1.25	1.23	1.21	1.05	0.93	0.76	0.75	0.53	0.52	0.31	0.05	-0.27	-0.30	-0.38	-0.46	-0.62	-0.80	
30세	5.84	5.77	5.66	4.04	3.94	3.92	3.80	3.73	3.67	3.66	3.58	2.67	2.48	2.22	2.18	2.13	2.05	2.05	2.03	1.86	1.79	1.77	1.64	1.60	1.52	1.50	1.43	1.41	1.18	1.13	1.12	1.08	1.05	1.04	0.91	0.83	0.80	0.59	0.55	0.53	0.01	-0.13	6.09	5.29	5.28	4.95	4.78	4.71	4.23	4.13	4.11	3.90	3.83	3.69	3.62	3.50	3.29	3.24	3.10	3.06	2.89	2.84	2.57	2.53	2.34	2.34	2.16	2.15	2.10	2.00	1.96	1.94	1.88	1.84	1.78	1.69	1.64	1.61	1.58	1.52	1.48	1.36	1.32	1.27	1.12	1.09	1.06	0.98	0.87	0.87	0.86	0.81	0.79	0.77	0.73	0.71	0.62	0.50	0.48	0.39	0.36	0.34	0.23	0.22	0.22	0.19	-0.15	-0.31	-0.56	-0.85	-0.87	-0.99	
31세	7.71	6.14	5.52	5.06	4.62	4.56	3.72	3.69	3.27	3.05	3.00	2.99	2.85	2.72	2.72	2.66	2.65	2.49	2.48	2.42	2.37	2.23	2.15	2.13	2.05	1.95	1.81	1.66	1.63	1.43	1.39	1.39	1.36	1.36	1.17	1.10	1.05	0.84	0.83	0.82	0.81	0.63	0.43	0.36	0.25	0.03	5.67	4.31	4.24	4.16	4.01	3.66	3.54	3.35	3.31	3.26	3.25	3.17	2.66	2.65	2.63	2.49	2.41	2.40	2.31	2.31	2.30	2.30	2.19	2.07	1.88	1.85	1.62	1.56	1.52	1.48	1.28	1.21	1.20	1.18	1.17	1.17	1.15	1.13	1.09	0.94	0.92	0.76	0.66	0.58	0.36	0.15	0.10	-0.53	-0.73	
32세	7.41	5.60	4.53	3.95	3.70	3.65	3.13	2.97	2.93	2.76	2.72	2.54	2.51	2.06	2.05	1.96	1.87	1.84	1.64	1.58	1.57	1.56	1.26	1.14	1.13	0.97	0.71	0.66	0.57	0.57	0.55	0.50	0.42	0.40	-0.14	-0.44	5.64	4.86	4.28	3.97	3.10	2.77	2.66	2.48	2.38	2.37	2.34	2.31	2.29	2.25	2.17	2.07	1.98	1.91	1.81	1.75	1.54	1.51	1.47	1.22	1.04	0.98	0.89	0.87	0.84	0.81	0.78	0.68	0.40	0.32	0.30	0.24	0.18	0.16	-0.37	-0.41	
33세	5.02	4.81	4.72	4.65	3.89	3.52	3.34	3.30	2.61	2.56	1.89	1.87	1.86	1.61	1.61	1.49	1.47	1.37	1.29	1.16	1.13	1.12	1.12	0.58	0.34	0.17	0.14	0.02	-0.00	5.14	5.03	4.88	4.67	4.44	4.05	4.03	3.80	3.70	3.29	3.17	2.80	2.79	2.76	2.75	2.30	2.26	2.19	2.17	1.94	1.78	1.72	1.58	1.27	1.11	1.00	0.98	0.92	0.79	0.74	0.62	0.51	0.48	0.48	0.48	0.33	0.24	0.10	0.06	0.04	-0.24	-0.30	-0.35	-0.50	
34세	5.58	4.75	3.55	3.32	3.21	3.13	3.08	2.37	2.15	2.01	1.98	1.87	1.79	1.44	1.34	1.26	1.24	1.17	1.14	1.13	1.05	0.95	0.79	0.76	0.72	0.32	0.11	6.54	4.61	4.14	3.91	3.57	2.66	2.65	2.61	2.18	1.97	1.80	1.67	1.64	1.62	1.61	1.42	1.26	1.21	1.11	0.99	0.90	0.86	0.67	0.51	0.32	0.06	-0.15	-0.91	-1.55	
35세	8.15	4.86	4.10	4.03	3.49	3.06	2.19	2.08	2.07	2.02	1.65	1.38	1.18	1.01	0.78	0.60	0.47	0.44	6.92	5.97	4.18	4.13	2.74	2.53	2.38	2.33	2.22	1.95	1.76	1.70	1.65	1.38	1.16	1.05	1.00	0.91	0.70	0.70	0.37	
36세	7.18	4.55	4.24	3.39	3.37	3.13	2.72	2.14	2.08	1.64	1.45	1.33	1.04	0.93	0.61	0.46	0.36	0.26	5.12	4.58	3.59	1.92	1.71	1.68	1.64	1.63	1.62	1.44	1.24	1.13	0.16	0.06	-0.35	
37세	4.26	4.17	3.59	2.19	1.87	1.51	1.46	1.26	1.21	6.19	4.79	4.33	2.67	2.37	1.16	
38세	4.31	2.17	1.15	3.68	2.73	1.24	1.18	0.91	0.79	0.71	
39세	2.83	2.23	2.81	2.08	0.40	
40세	2.88	1.80	1.70	1.68	0.71	0.63	
41세	1.84	
42세	1.65	1.51	
43세	
44세	
45세	
46세	
47세	
48세	
49세	